64
2208
0
416

32
32
512
288

32
160
640
288

32
32
704
160

64
64
896
352

96
64
1216
320

160
64
1472
288

160
64
1824
288

64
480
2272
416

32
96
2464
288

32
256
2560
160

64
2048
2848
416

32
128
2912
160

32
32
3008
288

32
64
3200
288

32
32
3392
288

32
32
3488
288

32
32
3488
160

32
32
3584
288

32
32
3776
288

32
96
3872
160

32
128
4096
160

32
64
4128
288

32
128
4288
384

32
96
4310
352

32
64
4342
320

32
32
4374
288

32
32
4480
288

32
64
4480
320

32
96
4480
352

32
128
4480
384

32
160
4736
384

32
128
4768
352

32
96
4800
320

32
64
4832
288

32
32
4960
288

32
64
4960
320

32
96
4960
352

32
128
4960
384

64
64
5216
352

32
128
5376
288

64
2208
4960
416

64
64
5728
352

32
32
5792
384

32
32
5824
352

32
32
5856
320

32
32
5888
288

32
32
5920
256

32
32
5952
224

32
32
5984
192

256
64
6016
160

32
32
6336
384
